4.850730957031250000e+03 3.012950420379638672e-01
4.851849121093750000e+03 7.650899887084960938e-01
4.852965332031250000e+03 -4.305281639099121094e-01
4.854084472656250000e+03 -1.738204956054687500e-01
4.855201171875000000e+03 -4.816675186157226562e-02
4.856320800781250000e+03 -1.700428009033203125e+00
4.857437988281250000e+03 -5.246992111206054688e-01
4.858558105468750000e+03 -1.209981441497802734e-01
4.859675781250000000e+03 -1.754984855651855469e-01
4.860793945312500000e+03 -6.989541053771972656e-01
4.861915039062500000e+03 -9.368152618408203125e-01
4.863033203125000000e+03 -6.629817485809326172e-01
4.864154296875000000e+03 -1.277003288269042969e+00
4.865273437500000000e+03 -1.122874021530151367e+00
4.866395507812500000e+03 -7.983303070068359375e-02
4.867515136718750000e+03 -8.020668029785156250e-01
4.868634765625000000e+03 -1.311316967010498047e+00
4.869757324218750000e+03 9.635639190673828125e-02
4.870877441406250000e+03 -7.069342136383056641e-01
4.872000976562500000e+03 2.423970699310302734e-01
4.873121582031250000e+03 -7.321047782897949219e-02
4.874245605468750000e+03 -3.648331165313720703e-01
4.875366699218750000e+03 -1.772122383117675781e-01
4.876488281250000000e+03 -8.141946792602539062e-02
4.877612792968750000e+03 4.510402679443359375e-01
4.878734863281250000e+03 2.893276214599609375e-01
4.879859863281250000e+03 -8.453178405761718750e-02
4.880982910156250000e+03 -2.084755897521972656e-01
4.882108398437500000e+03 -9.502410888671875000e-03
4.883231445312500000e+03 2.116758823394775391e-01
4.884354980468750000e+03 5.700373649597167969e-02
4.885480957031250000e+03 -1.040639877319335938e-01
4.886604980468750000e+03 -6.468534469604492188e-03
4.887731445312500000e+03 -8.746957778930664062e-02
4.888855957031250000e+03 -2.326304912567138672e-01
4.889983398437500000e+03 4.405021667480468750e-03
4.891108398437500000e+03 4.087004661560058594e-01
4.892233886718750000e+03 1.457073688507080078e-01
4.893361816406250000e+03 1.669673919677734375e-01
4.894487304687500000e+03 2.586662769317626953e-01
4.895616210937500000e+03 1.958229541778564453e-01
4.896742675781250000e+03 1.961572170257568359e-01
4.897871582031250000e+03 4.128031730651855469e-01
4.898998535156250000e+03 3.075742721557617188e-02
4.900125000000000000e+03 1.475286483764648438e-02
4.901255371093750000e+03 3.478717803955078125e-02
4.902382812500000000e+03 2.660977840423583984e-01
4.903513183593750000e+03 5.326447486877441406e-01
4.904641113281250000e+03 -4.246985912322998047e-01
4.905772460937500000e+03 9.138226509094238281e-02
4.906900878906250000e+03 1.854181289672851562e-01
4.908029785156250000e+03 1.984546184539794922e-01
4.909161621093750000e+03 3.770370483398437500e-01
4.910290527343750000e+03 2.043185234069824219e-01
4.911423339843750000e+03 -3.266918659210205078e-01
4.912552734375000000e+03 2.906303405761718750e-01
4.913686035156250000e+03 3.830432891845703125e-02
4.914816406250000000e+03 -1.299607753753662109e-01
4.915946777343750000e+03 -2.608942985534667969e-01
4.917080566406250000e+03 -5.615050792694091797e-01
4.918211425781250000e+03 4.939823150634765625e-01
4.919345703125000000e+03 2.142429351806640625e-02
4.920477539062500000e+03 -3.291022777557373047e-01
4.921612304687500000e+03 4.458665847778320312e-03
4.922744140625000000e+03 1.062645912170410156e-01
4.923876464843750000e+03 -3.375618457794189453e-01
4.925012207031250000e+03 1.576709747314453125e-01
4.926145019531250000e+03 1.126496791839599609e-01
4.927281250000000000e+03 -2.798414230346679688e-02
4.928414550781250000e+03 5.089974403381347656e-02
4.929551269531250000e+03 2.283999919891357422e-01
4.930685058593750000e+03 2.610673904418945312e-01
4.931819335937500000e+03 1.978578567504882812e-01
4.932957031250000000e+03 3.872361183166503906e-01
4.934091796875000000e+03 2.726836204528808594e-01
4.935229492187500000e+03 3.453269004821777344e-01
4.936364746093750000e+03 5.484642982482910156e-01
4.937502929687500000e+03 4.451289176940917969e-01
4.938639160156250000e+03 3.034207820892333984e-01
4.939777832031250000e+03 3.550846576690673828e-01
4.940914062500000000e+03 4.464783668518066406e-01
4.942050781250000000e+03 6.375131607055664062e-01
4.943190429687500000e+03 7.252459526062011719e-01
4.944327636718750000e+03 5.321197509765625000e-01
4.945467773437500000e+03 5.274128913879394531e-01
4.946605468750000000e+03 1.182593822479248047e+00
4.947746093750000000e+03 1.353441238403320312e+00
4.948884277343750000e+03 1.428944110870361328e+00
4.950022949218750000e+03 1.506634712219238281e+00
4.951164062500000000e+03 1.295156955718994141e+00
4.952303222656250000e+03 1.065452575683593750e+00
4.953445312500000000e+03 8.759088516235351562e-01
4.954584472656250000e+03 9.854969978332519531e-01
4.955727050781250000e+03 9.400429725646972656e-01
4.956867187500000000e+03 7.543992996215820312e-01
4.958007812500000000e+03 7.956738471984863281e-01
4.959150878906250000e+03 1.051264286041259766e+00
4.960291992187500000e+03 1.651335716247558594e+00
4.961435546875000000e+03 1.222117424011230469e+00
4.962577148437500000e+03 8.524370193481445312e-01
4.963721191406250000e+03 9.154081344604492188e-01
4.964863281250000000e+03 8.364219665527343750e-01
4.966005371093750000e+03 7.554574012756347656e-01
4.967150878906250000e+03 8.293099403381347656e-01
4.968293457031250000e+03 5.886244773864746094e-01
4.969438964843750000e+03 3.914318084716796875e-01
4.970582519531250000e+03 4.127955436706542969e-01
4.971728515625000000e+03 5.772643089294433594e-01
4.972872070312500000e+03 9.136862754821777344e-01
4.974016113281250000e+03 7.303223609924316406e-01
4.975163085937500000e+03 5.520000457763671875e-01
4.976307617187500000e+03 2.685816287994384766e-01
4.977455078125000000e+03 1.757218837738037109e-01
4.978600585937500000e+03 5.450320243835449219e-01
4.979748535156250000e+03 6.275906562805175781e-01
4.980894042968750000e+03 5.049462318420410156e-01
4.982040039062500000e+03 5.898561477661132812e-01
4.983188476562500000e+03 5.696759223937988281e-01
4.984334960937500000e+03 2.557113170623779297e-01
4.985484863281250000e+03 -2.652311325073242188e-02
4.986631347656250000e+03 2.243521213531494141e-01
4.987780761718750000e+03 4.955501556396484375e-01
4.988928710937500000e+03 6.475191116333007812e-01
4.990076171875000000e+03 1.099644660949707031e+00
4.991227050781250000e+03 1.675423622131347656e+00
4.992375488281250000e+03 1.805474281311035156e+00
4.993526367187500000e+03 1.661653995513916016e+00
4.994675292968750000e+03 2.340616703033447266e+00
4.995827148437500000e+03 3.029998779296875000e+00
4.996976074218750000e+03 3.507926464080810547e+00
4.998125976562500000e+03 3.472844600677490234e+00
4.999278320312500000e+03 2.943562984466552734e+00
5.000428222656250000e+03 2.864844799041748047e+00
5.001581542968750000e+03 2.424763202667236328e+00
5.002732421875000000e+03 2.831488609313964844e+00
5.003885742187500000e+03 2.748266220092773438e+00
5.005036621093750000e+03 2.398251056671142578e+00
5.006187988281250000e+03 2.800760269165039062e+00
5.007342773437500000e+03 2.662457942962646484e+00
5.008494628906250000e+03 2.833874225616455078e+00
5.009649414062500000e+03 2.742223739624023438e+00
5.010802246093750000e+03 2.454057693481445312e+00
5.011957519531250000e+03 2.195729732513427734e+00
5.013110351562500000e+03 2.015663623809814453e+00
5.014263671875000000e+03 1.803853511810302734e+00
5.015420410156250000e+03 1.333063125610351562e+00
5.016574218750000000e+03 1.065078735351562500e+00
5.017730957031250000e+03 9.162263870239257812e-01
5.018885253906250000e+03 7.380113601684570312e-01
5.020042480468750000e+03 5.994148254394531250e-01
5.021196777343750000e+03 6.491889953613281250e-01
5.022352539062500000e+03 6.843495368957519531e-01
5.023510253906250000e+03 1.014023780822753906e+00
5.024666015625000000e+03 7.628083229064941406e-01
5.025824707031250000e+03 5.601873397827148438e-01
5.026980957031250000e+03 1.115283489227294922e+00
5.028139648437500000e+03 5.753984451293945312e-01
5.029296875000000000e+03 7.752122879028320312e-01
5.030456542968750000e+03 1.722650527954101562e+00
5.031613769531250000e+03 1.014934062957763672e+00
5.032771484375000000e+03 -3.539967536926269531e-01
5.033932128906250000e+03 1.061182022094726562e-01
5.035089843750000000e+03 5.942487716674804688e-01
5.036250976562500000e+03 5.498886108398437500e-02
5.037410156250000000e+03 6.209897994995117188e-02
5.038571289062500000e+03 -6.323528289794921875e-02
5.039730468750000000e+03 -3.054912090301513672e-01
5.040889648437500000e+03 -2.307083606719970703e-01
5.042052246093750000e+03 -1.090221643447875977e+00
5.043211914062500000e+03 -1.891990661621093750e+00
5.044375000000000000e+03 -3.164627552032470703e-01
5.045535644531250000e+03 2.961018085479736328e-01
5.046699218750000000e+03 -1.974968910217285156e-01
5.047859863281250000e+03 4.074316024780273438e-01
5.049021484375000000e+03 5.847215652465820312e-02
5.050185058593750000e+03 -5.257799625396728516e-01
5.051347167968750000e+03 1.864292621612548828e-01
5.052512695312500000e+03 5.187187194824218750e-01
5.053674316406250000e+03 1.299915313720703125e-01
5.054839843750000000e+03 6.599307060241699219e-02
5.056002929687500000e+03 -1.221227645874023438e-01
5.057165527343750000e+03 2.272405624389648438e-01
5.058332031250000000e+03 6.191492080688476562e-02
5.059495605468750000e+03 6.355142593383789062e-02
5.060662597656250000e+03 1.060729026794433594e-01
5.061826660156250000e+03 -1.113197803497314453e-01
5.062993652343750000e+03 7.332181930541992188e-01
5.064158203125000000e+03 -8.676218986511230469e-02
5.065323242187500000e+03 1.739892959594726562e-01
5.066491210937500000e+03 3.114175796508789062e-01
5.067657226562500000e+03 6.183490753173828125e-01
5.068825683593750000e+03 1.432252883911132812e+00
5.069991699218750000e+03 -6.944441795349121094e-01
5.071161132812500000e+03 1.389936447143554688e+00
5.072327636718750000e+03 4.504365921020507812e-01
5.073494140625000000e+03 1.170377731323242188e-01
5.074664550781250000e+03 1.105649471282958984e+00
5.075832031250000000e+03 6.147050857543945312e-02
5.077002441406250000e+03 -4.537189006805419922e-01
5.078170410156250000e+03 -1.545891761779785156e-01
5.079341308593750000e+03 1.608192920684814453e-01
5.080509277343750000e+03 3.710832595825195312e-01
5.081678710937500000e+03 8.839416503906250000e-02
5.082850097656250000e+03 -5.488681793212890625e-01
5.084019531250000000e+03 1.727030277252197266e-01
5.085191894531250000e+03 4.301238059997558594e-01
5.086362304687500000e+03 -7.189941406250000000e-02
5.087534667968750000e+03 -8.352017402648925781e-02
5.088705078125000000e+03 2.592506408691406250e-01
5.089875488281250000e+03 1.002373695373535156e-01
5.091049804687500000e+03 3.627104759216308594e-01
5.092220703125000000e+03 5.124702453613281250e-01
5.093395019531250000e+03 3.572862148284912109e-01
5.094566894531250000e+03 -8.005142211914062500e-02
5.095741210937500000e+03 -2.141642570495605469e-01
5.096913574218750000e+03 2.155864238739013672e-01
5.098086425781250000e+03 4.045510292053222656e-02
5.099262207031250000e+03 -1.527090072631835938e-01
5.100434570312500000e+03 4.288363456726074219e-02
5.101611328125000000e+03 9.053955078125000000e-01
5.102784667968750000e+03 5.433411598205566406e-01
5.103961425781250000e+03 -1.473347663879394531e+00
5.105135253906250000e+03 -4.404783248901367188e-03
5.106310058593750000e+03 -2.580344676971435547e-01
5.107487304687500000e+03 -6.646704673767089844e-02
5.108662597656250000e+03 4.129314422607421875e-01
5.109840820312500000e+03 2.280144691467285156e-01
5.111015625000000000e+03 -9.907627105712890625e-02
5.112194335937500000e+03 8.748111724853515625e-01
5.113371093750000000e+03 -7.332580089569091797e-01
5.114547363281250000e+03 -6.064655780792236328e-01
5.115726562500000000e+03 3.917837142944335938e-02
5.116903320312500000e+03 -4.150223731994628906e-02
5.118083496093750000e+03 -2.771735191345214844e-02
5.119260742187500000e+03 1.703429222106933594e-02
5.120441406250000000e+03 -4.280381202697753906e-01
5.121618652343750000e+03 2.859179973602294922e-01
5.122799804687500000e+03 2.946019172668457031e-01
5.123978515625000000e+03 -1.395804882049560547e-01
5.125157226562500000e+03 4.153394699096679688e-01
5.126338867187500000e+03 -5.209393501281738281e-01
5.127518554687500000e+03 -2.323889732360839844e-01
5.128701171875000000e+03 -2.885198593139648438e-01
5.129880371093750000e+03 -1.128246784210205078e-01
5.131063964843750000e+03 1.963875293731689453e-01
5.132243652343750000e+03 -7.557630538940429688e-02
5.133424804687500000e+03 2.679867744445800781e-01
5.134608398437500000e+03 -2.285938262939453125e-01
5.135790039062500000e+03 -4.064712524414062500e-01
5.136974121093750000e+03 9.346652030944824219e-02
5.138155761718750000e+03 3.903272151947021484e-01
5.139340332031250000e+03 -9.613537788391113281e-02
5.140522460937500000e+03 -6.739187240600585938e-02
5.141705566406250000e+03 -4.896042346954345703e-01
5.142891113281250000e+03 -1.131429672241210938e-01
5.144074218750000000e+03 2.498288154602050781e-01
5.145260742187500000e+03 2.493007183074951172e-01
5.146443847656250000e+03 2.814724445343017578e-01
5.147630859375000000e+03 -2.540223598480224609e-01
5.148814941406250000e+03 -1.472971439361572266e-01
5.149999511718750000e+03 -6.568598747253417969e-02
